//15
0.184	0.187	0.095	0.094	0.120	0.108	0.132	0.133	0.155	
0.186	0.209	0.099	0.080	0.115	0.090	0.146	0.130	0.166	
0.069	0.075	0.469	0.289	0.203	0.103	0.064	0.055	0.063	
0.089	0.094	0.307	0.285	0.142	0.140	0.075	0.089	0.101	
0.075	0.072	0.177	0.097	0.563	0.212	0.115	0.086	0.068	
0.084	0.079	0.102	0.125	0.167	0.384	0.097	0.112	0.107	
0.140	0.156	0.118	0.092	0.165	0.156	0.160	0.143	0.163	
0.142	0.152	0.098	0.105	0.106	0.149	0.150	0.153	0.170	
0.152	0.171	0.097	0.096	0.099	0.120	0.154	0.153	0.215


//50:51
0.191	0.172	0.091	0.079	0.093	0.114	0.137	0.150	0.148	
0.183	0.189	0.100	0.076	0.090	0.097	0.143	0.150	0.159	
0.076	0.079	0.483	0.289	0.161	0.086	0.061	0.067	0.064	
0.100	0.089	0.312	0.280	0.098	0.125	0.075	0.097	0.095	
0.076	0.066	0.146	0.096	0.564	0.184	0.103	0.077	0.062	
0.098	0.079	0.112	0.115	0.160	0.405	0.108	0.120	0.092	
0.149	0.144	0.115	0.082	0.142	0.158	0.167	0.158	0.152	
0.156	0.142	0.092	0.092	0.089	0.153	0.161	0.172	0.159	
0.153	0.157	0.094	0.090	0.086	0.123	0.151	0.154	0.212

//15:15
0.181	0.167	0.110	0.086	0.094	0.112	0.159	0.138	0.158	
0.174	0.181	0.114	0.081	0.089	0.097	0.169	0.143	0.164	
0.066	0.072	0.471	0.279	0.135	0.097	0.078	0.050	0.066	
0.086	0.078	0.308	0.262	0.110	0.134	0.083	0.090	0.104	
0.083	0.092	0.150	0.123	0.549	0.204	0.129	0.061	0.077	
0.085	0.073	0.107	0.116	0.154	0.407	0.135	0.094	0.111	
0.145	0.153	0.125	0.092	0.142	0.159	0.180	0.141	0.159	
0.147	0.147	0.104	0.103	0.093	0.150	0.167	0.149	0.165	
0.154	0.150	0.107	0.101	0.088	0.114	0.163	0.160	0.202

/20:21
0.194	0.175	0.104	0.087	0.072	0.097	0.129	0.142	0.154	
0.188	0.193	0.107	0.086	0.071	0.075	0.141	0.140	0.159	
0.069	0.066	0.461	0.286	0.141	0.088	0.074	0.048	0.046	
0.087	0.083	0.313	0.282	0.076	0.124	0.069	0.086	0.080	
0.085	0.077	0.143	0.102	0.548	0.195	0.105	0.086	0.083	
0.087	0.069	0.108	0.124	0.131	0.389	0.120	0.112	0.114	
0.149	0.149	0.125	0.094	0.117	0.143	0.162	0.149	0.162	
0.152	0.148	0.104	0.103	0.068	0.138	0.150	0.160	0.169	
0.159	0.161	0.099	0.099	0.061	0.100	0.141	0.156	0.201	

//15 TMultiLayerPerceptron::kBatch
0.156	0.546	0.197	0.194	0.910	0.100	0.046	0.420	0.833	
0.094	0.547	0.187	0.127	0.968	0.160	0.000	0.404	0.835	
0.000	0.586	0.125	0.108	0.000	0.000	0.132	0.293	0.694	
0.000	0.566	0.123	0.156	0.995	0.000	0.000	0.294	0.730	
0.135	0.770	0.157	0.128	0.939	0.089	0.081	0.532	0.805	
0.132	0.609	0.172	0.066	0.934	0.042	0.022	0.385	0.810	
0.097	0.566	0.165	0.061	0.940	0.196	0.000	0.422	0.841	
0.125	0.570	0.155	0.037	0.947	0.159	0.000	0.411	0.843	
0.132	0.513	0.143	0.079	0.936	0.084	0.083	0.390	0.866

//15 TMultiLayerPerceptron::kSteepestDescent
0.180	0.177	0.084	0.087	0.147	0.109	0.131	0.141	0.153	
0.175	0.192	0.088	0.088	0.132	0.099	0.140	0.146	0.161	
0.095	0.094	0.431	0.262	0.135	0.108	0.061	0.057	0.066	
0.108	0.106	0.286	0.229	0.126	0.130	0.077	0.078	0.092	
0.094	0.078	0.170	0.122	0.486	0.210	0.114	0.084	0.071	
0.084	0.074	0.109	0.121	0.182	0.321	0.104	0.102	0.110	
0.140	0.150	0.102	0.088	0.173	0.151	0.157	0.147	0.158	
0.144	0.153	0.089	0.087	0.138	0.142	0.151	0.149	0.162	
0.154	0.165	0.086	0.090	0.137	0.125	0.149	0.154	0.194
